rank,uri,artist_names,track_name,source,peak_rank,previous_rank,days_on_chart,streams
1,"spotify:track:2IGMVunIBsBLtEQyoI1Mu7","Doja Cat","Paint The Town Red","Kemosabe Records/RCA Records",1,1,41,"548823"
2,"spotify:track:1kuGVB7EU95pJObxwvfwKS","Olivia Rodrigo","vampire","Olivia Rodrigo PS",2,2,76,"423084"
3,"spotify:track:2FDTHlrBguDzQkp7PVj16Q","Dave, Central Cee","Sprinter","Neighbourhood / Live Yours",1,3,105,"394961"
4,"spotify:track:3IX0yuEVvDbnqUwMBB3ouC","Olivia Rodrigo","bad idea right?","Olivia Rodrigo PS",3,4,34,"368304"
5,"spotify:track:2gyxAWHebV7xPYVxqoi86f","Olivia Rodrigo","get him back!","Olivia Rodrigo PS",5,5,6,"328800"
6,"spotify:track:5mjYQaktjmjcMKcUIcqz4s","Kenya Grace","Strangers","Warner Records/Major Recordings",6,6,13,"319769"
7,"spotify:track:1BxfuPKGuaTgP7aM0Bbdwr","Taylor Swift","Cruel Summer","Taylor Swift",3,7,201,"297712"
8,"spotify:track:3YgtkOxZsTuaZdL8McA1FQ","Fred again.., Obongjayar","adore u","Atlantic Records UK",6,8,34,"283471"
9,"spotify:track:1vYXt7VSjH9JIM5oRRo7vA","Dua Lipa","Dance The Night - From Barbie The Album","Atlantic Records",2,10,111,"267062"
10,"spotify:track:59NraMJsLaMCVtwXTSia8i","cassö, RAYE, D-Block Europe","Prada","Ministry of Sound Recordings",5,9,34,"266265"
11,"spotify:track:34sOdxWu9FljH84UXdRwu1","Olivia Rodrigo","all-american bitch","Olivia Rodrigo PS",4,13,6,"249939"
12,"spotify:track:3Nl5OkkmS5DaBZvuYofpAt","Olivia Rodrigo","the grudge","Olivia Rodrigo PS",8,11,6,"248990"
13,"spotify:track:6wf7Yu7cxBSPrRlWeSeK0Q","Billie Eilish","What Was I Made For? [From The Motion Picture ""Barbie""]","Darkroom/Interscope Records",2,12,63,"248664"
14,"spotify:track:23RoR84KodL5HWvUTneQ1w","Peggy Gou","(It Goes Like) Nanana - Edit","XL Recordings",4,14,91,"237128"
15,"spotify:track:4rXLjWdF2ZZpXCVTfWcshS","Gunna","fukumean","300 Entertainment",4,15,90,"236624"
16,"spotify:track:2ZWmmrWUgDBcPSLihBMvhg","Chase & Status, Bou, Flowdan, IRAH, Trigga, Takura","Baddadan (feat. IRAH, Flowdan, Trigga & Takura)","EMI",10,17,48,"205464"
17,"spotify:track:26QLJMK8G0M06sk7h7Fkse","Olivia Rodrigo","love is embarrassing","Olivia Rodrigo PS",16,19,6,"201934"
18,"spotify:track:5sp71CUt0jXRNqHblPGp7b","Olivia Rodrigo","ballad of a homeschooled girl","Olivia Rodrigo PS",7,18,6,"200454"
19,"spotify:track:5CscrLqFBgPfZR8fGtikov","Olivia Rodrigo","making the bed","Olivia Rodrigo PS",8,16,6,"200191"
20,"spotify:track:53dtP2iUMvaF28JZcHnFuU","Olivia Rodrigo","logical","Olivia Rodrigo PS",11,21,6,"187716"
21,"spotify:track:602d2gJewoiF1FivuOMMwE","Becky Hill, Chase & Status","Disconnect","Polydor Records",10,20,62,"186719"
22,"spotify:track:6QT6j7rKt7Vk3IuV2AUO9W","Olivia Rodrigo","lacy","Olivia Rodrigo PS",9,22,6,"181855"
23,"spotify:track:6WzRpISELf3YglGAh7TXcG","The Weeknd, Playboi Carti, Madonna","Popular (with Playboi Carti & Madonna) - From The Idol Vol. 1 (Music from the HBO Original Series)","XO / Republic Records",8,24,104,"169969"
24,"spotify:track:6W9l02gRsXVxzIuQC1oc1X","Olivia Rodrigo","pretty isn’t pretty","Olivia Rodrigo PS",18,23,6,"166384"
25,"spotify:track:1odExI7RdWc4BT515LTAwj","David Kushner","Daylight","Miserable Music Group, LLC",1,26,153,"162433"
26,"spotify:track:741UUVE2kuITl0c6zuqqbO","Nicki Minaj, Ice Spice, Aqua","Barbie World (with Aqua) [From Barbie The Album]","Atlantic Records",4,28,83,"159094"
27,"spotify:track:5VxmI3IdgAxWVvUnJoLuY2","Charli XCX","Speed Drive (From Barbie The Album)","Atlantic Records",7,25,57,"158899"
28,"spotify:track:1ACFweuuvf6MHtptObgreR","Jazzy","Giving Me","Polydor Records",3,29,145,"152248"
29,"spotify:track:22dUzMFttcR3uU17NcOAIv","Calvin Harris, Sam Smith","Desire (with Sam Smith)","Columbia",14,27,48,"149317"
30,"spotify:track:0ZVjgfaC2Ptrod9v6p9KFP","Hannah Laing, RoRo","Good Love","WUGD / Polydor Records",7,30,110,"143790"
31,"spotify:track:0V3wPSX9ygBnCm8psDIegu","Taylor Swift","Anti-Hero","Taylor Swift",1,35,328,"142411"
32,"spotify:track:7fesNTgTEMEH0ye8MOgEDY","Olivia Rodrigo","teenage dream","Olivia Rodrigo PS",20,31,6,"140310"
33,"spotify:track:4Dvkj6JhhA12EX05fT7y2e","Harry Styles","As It Was","Columbia",1,32,532,"139487"
34,"spotify:track:003vvx7Niy0yvhvHt4a68B","The Killers","Mr. Brightside","Island Records",9,34,2443,"136257"
35,"spotify:track:1Qrg8KqiBpW07V7PNxwwwL","SZA","Kill Bill","Top Dawg Entertainment/RCA Records",1,36,279,"133404"
36,"spotify:track:4DHcnVTT87F0zZhRPYmZ3B","Miley Cyrus","Flowers","Columbia",1,37,244,"130527"
37,"spotify:track:3xIMkM5LgbVDkpO74O3Np3","Troye Sivan","Rush","EMI Recorded Music Australia Pty Ltd",22,42,63,"128449"
38,"spotify:track:4bz8Z7squfs2Yji2DwoujR","Sonny Fodera, MK, Clementine Douglas","Asking","Solotoko",23,33,39,"128065"
39,"spotify:track:5eTaQYBE1yrActixMAeLcZ","Calvin Harris, Ellie Goulding","Miracle (with Ellie Goulding)","Columbia",1,38,188,"127861"
40,"spotify:track:4RoKNqyZ9622tcAeNPNv5k","Burna Boy","City Boys","Spaceship/ Bad Habit/Atlantic Records",39,45,20,"126636"
41,"spotify:track:3xKsf9qdS1CyvXSMEid6g8","Frank Ocean","Pink + White","Boys Don't Cry",41,43,252,"123778"
42,"spotify:track:086myS9r57YsLbJpU0TgK9","Arctic Monkeys","Why'd You Only Call Me When You're High?","Domino Recording Co",18,39,1065,"123228"
43,"spotify:track:5XeFesFbtLpXzIVDNQP22n","Arctic Monkeys","I Wanna Be Yours","Domino Recording Co",20,41,419,"123180"
44,"spotify:track:0ug5NqcwcFR2xrfTkc7k8e","Taylor Swift","Style","Big Machine Records, LLC",14,44,211,"123088"
45,"spotify:track:456WNXWhDwYOSf5SpTuqxd","Florence + The Machine","Dog Days Are Over","Universal-Island Records Ltd.",14,40,520,"122534"
46,"spotify:track:6kgaI3kHkqmRimeGQdS4Ga","J Hus, Drake","Who Told You (feat. Drake)","Black Butter",2,46,98,"119293"
47,"spotify:track:7yq4Qj7cqayVTp3FF9CWbm","Vance Joy","Riptide","F-Stop Records/Atlantic",20,48,2037,"117982"
48,"spotify:track:1s7oOCT8vauUh01PbJD6ps","Rema, Selena Gomez","Calm Down (with Selena Gomez)","Mavin Records / Jonzing World",11,55,373,"117217"
49,"spotify:track:6xp1u6ZEHXX8DxJIFFrVoP","Jorja Smith","Little Things x Gypsy Woman - L BEATS MASHUP","FAMM",19,49,74,"114804"
50,"spotify:track:7yxUQyNsRjpr1IcPLblgB0","D.O.D","So Much In Love","Armada Music",28,47,92,"113141"
51,"spotify:track:41WQUSINanQHfhfKpFDsms","Miley Cyrus","Used To Be Young","Columbia",14,50,20,"112001"
52,"spotify:track:0ofHAoxe9vBkTCp2UQIavz","Fleetwood Mac","Dreams - 2004 Remaster","Rhino/Warner Records",16,51,1213,"110278"
53,"spotify:track:5aIVCx5tnk0ntmdiinnYvw","Tyla","Water","FAX Records/Epic",53,72,3,"108756"
54,"spotify:track:7jtQIBanIiJOMS6RyCx6jZ","Tom Odell","Another Love","ITNO/Columbia",10,52,942,"107155"
55,"spotify:track:2QjOHCTQ1Jl3zawyYOpxh6","The Neighbourhood","Sweater Weather","Columbia",15,53,1078,"106980"
56,"spotify:track:6AQbmUe0Qwf5PZnt4HmTXv","PinkPantheress, Ice Spice","Boy's a liar Pt. 2","Warner Records",1,56,223,"106652"
57,"spotify:track:7x9aauaA9cu6tyfpHnqDLo","Jung Kook, Latto","Seven (feat. Latto)","BIGHIT MUSIC",6,58,62,"106370"
58,"spotify:track:4RvWPyQ5RL0ao9LPZeSouE","Tears For Fears","Everybody Wants To Rule The World","UMC (Universal Music Catalogue)",34,54,681,"104202"
59,"spotify:track:5u4hhtZ7f4rWkMZEZcTKrH","ANOTR, Abel Balder","Relax My Eyes","NO ART",29,59,157,"102904"
60,"spotify:track:3dYD57lRAUcMHufyqn9GcI","Hozier","Take Me To Church","Universal-Island Records Ltd.",49,57,1092,"101614"
61,"spotify:track:5FVd6KXrgO9B3JPmC8OPst","Arctic Monkeys","Do I Wanna Know?","Domino Recording Co",18,60,2004,"101473"
62,"spotify:track:68Dni7IE4VyPkTOH9mRWHr","J. Cole","No Role Modelz","Roc Nation Records LLC",34,61,979,"101053"
63,"spotify:track:4fYte8ZvTK14NEhAOZocBi","OneRepublic","I Ain't Worried","Interscope Records",3,66,468,"100505"
64,"spotify:track:7qEHsqek33rTcFNT9PFqLf","Lewis Capaldi","Someone You Loved","Vertigo Berlin",1,62,1715,"99892"
65,"spotify:track:1mea3bSkSGXuIRvnydlB5b","Coldplay","Viva La Vida","Parlophone UK",23,63,463,"99815"
66,"spotify:track:4iZ4pt7kvcaH6Yo8UoZ4s2","SZA","Snooze","Top Dawg Entertainment/RCA Records",32,68,245,"98710"
67,"spotify:track:5w40ZYhbBMAlHYNDaVJIUu","Post Malone","Chemical","Mercury Records/Republic Records",10,67,153,"98683"
68,"spotify:track:58ge6dfP91o9oXMzq3XkIS","Arctic Monkeys","505","Domino Recording Co",13,65,966,"97379"
69,"spotify:track:1u8c2t2Cy7UBoG4ArRcF5g","Taylor Swift","Blank Space","Big Machine Records, LLC",22,71,307,"97151"
70,"spotify:track:4KULAymBBJcPRpk1yO4dOG","Zach Bryan, Kacey Musgraves","I Remember Everything (feat. Kacey Musgraves)","Warner Records",70,74,14,"97023"
71,"spotify:track:5gqu7rZE6fTFwbN2metxv4","Rudimental, Charlotte Plank, Vibe Chemistry","Dancing is Healing","Room Two Recordings",8,64,134,"96877"
72,"spotify:track:7KA4W4McWYRpgf0fWsJZWB","Tyler, The Creator, Kali Uchis","See You Again (feat. Kali Uchis)","Columbia",10,70,162,"95547"
73,"spotify:track:7j4OmvkjRz0PrjFADlHfQx","Adele","Set Fire to the Rain","XL Recordings",22,77,315,"94688"
74,"spotify:track:2Vewxhl9sD0IhO9Az4qLS5","Nathan Dawe, Joel Corry, Ella Henderson","0800 HEAVEN","Atlantic Records UK",19,69,97,"94331"
75,"spotify:track:2Z5EUCXngeoYD7wmJBcJv1","Anne-Marie, Shania Twain","UNHEALTHY (feat. Shania Twain)","Atlantic Records UK",29,87,109,"93573"
76,"spotify:track:7KokYm8cMIXCsGVmUvKtqf","Taylor Swift","Karma","Taylor Swift",7,83,252,"93247"
77,"spotify:track:5mHdCZtVyb4DcJw8799hZp","RAYE, 070 Shake","Escapism.","Human Re Sources",1,73,303,"92887"
78,"spotify:track:0f97n6kmc8RYUwMyialr8y","Bou, Slay","Closer","Universal-Island Records Ltd.",43,76,110,"92680"
79,"spotify:track:254bXAqt3zP6P50BdQvEsq","Fleetwood Mac","Everywhere - 2017 Remaster","Rhino/Warner Records",25,81,1533,"92574"
80,"spotify:track:5g7sDjBhZ4I3gcFIpkrLuI","Bruno Mars","Locked out of Heaven","Atlantic Records",78,78,38,"92371"
81,"spotify:track:3hUxzQpSfdDqwM3ZTFQY0K","Taylor Swift","august","Taylor Swift",12,75,180,"92104"
82,"spotify:track:1UPHCP5YeVfele4DMbdGyi","Switch Disco, Ella Henderson, Robert Miles","REACT","Relentless Records",7,79,171,"91932"
83,"spotify:track:0ntQJM78wzOLVeCUAW7Y45","Kings of Leon","Sex on Fire","RCA/Legacy",58,84,927,"90480"
84,"spotify:track:1zi7xx7UVEFkmKfv06H8x0","Drake, Wizkid, Kyla","One Dance","Cash Money Records/Young Money Ent./Universal Rec.",8,88,1544,"90427"
85,"spotify:track:7MXVkk9YMctZqd1Srtv4MB","The Weeknd, Daft Punk","Starboy","Universal Republic Records",2,91,789,"90202"
86,"spotify:track:26b3oVLrRUaaybJulow9kz","Libianca","People","5K Records Limited",5,93,248,"90084"
87,"spotify:track:4R2kfaDFhslZEMJqAFNpdd","Taylor Swift","cardigan","Taylor Swift",2,85,292,"89976"
88,"spotify:track:3azJifCSqg9fRij2yKIbWz","Tory Lanez","The Color Violet","One Umbrella Records",25,90,313,"89947"
89,"spotify:track:0JXXNGljqupsJaZsgSbMZV","Miguel","Sure Thing","Jive",4,96,295,"89939"
90,"spotify:track:4uUG5RXrOk84mYEfFvj3cK","David Guetta, Bebe Rexha","I'm Good (Blue)","Parlophone UK",1,97,384,"89870"
91,"spotify:track:3hRV0jL3vUpRrcy398teAU","Lord Huron","The Night We Met","Play It Again Sam",52,82,372,"89275"
92,"spotify:track:7e8utCy2JlSB8dRHKi49xM","Arctic Monkeys","Fluorescent Adolescent","Domino Recording Co",33,99,1374,"89087"
93,"spotify:track:7K3BhSpAxZBznislvUMVtn","Morgan Wallen","Last Night","Big Loud Records / Mercury Records / Republic Records",26,98,172,"88999"
94,"spotify:track:1R0a2iXumgCiFb7HEZ7gUE","Taylor Swift","Don’t Blame Me","Big Machine Records, LLC",31,86,464,"88670"
95,"spotify:track:78Du4CMFgnhdlG33gblkiP","Oliver Anthony Music","Rich Men North of Richmond","Oliver Anthony Music/ radiowv",28,102,30,"88451"
96,"spotify:track:3BKD1PwArikchz2Zrlp1qi","David Guetta, Anne-Marie, Coi Leray","Baby Don't Hurt Me","Parlophone UK",25,89,160,"88266"
97,"spotify:track:4EWCNWgDS8707fNSZ1oaA5","Kanye West","Heartless","Roc-A-Fella",82,94,300,"88256"
98,"spotify:track:5RHIevCuoIZcY1AlnJ01fN","Issey Cross","Bittersweet Goodbye","Atlantic Records UK",66,92,36,"87926"
99,"spotify:track:2dHHgzDwk4BJdRwy9uXhTO","Metro Boomin, The Weeknd, 21 Savage","Creepin' (with The Weeknd & 21 Savage)","Republic Records",3,107,286,"86940"
100,"spotify:track:4iZTNyPJuxpWmfjUQRDwBY","D-Block Europe, Clavish","Pakistan","D-Block Europe",4,101,77,"86895"
101,"spotify:track:6wsqVwoiVH2kde4k4KKAFU","Travis Scott","I KNOW ?","Cactus Jack/Epic",17,103,46,"86749"
102,"spotify:track:3AJwUDP919kvQ9QcozQPxg","Coldplay","Yellow","Parlophone UK",11,100,1034,"86361"
103,"spotify:track:3z4CGd63tpUn9a6oQSG0CI","Dave, Burna Boy","Location (feat. Burna Boy)","Neighbourhood",8,109,1645,"86072"
104,"spotify:track:6Qyc6fS4DsZjB2mRW9DsQs","The Goo Goo Dolls","Iris","Warner Records",40,105,657,"85671"
105,"spotify:track:5TRPicyLGbAF2LGBFbHGvO","Kanye West, Dwele","Flashing Lights","Roc-A-Fella",90,106,163,"85671"
106,"spotify:track:1i9lZvlaDdWDPyXEE95aiq","Travis Scott, SZA, Future","TELEKINESIS (feat. SZA & Future)","Cactus Jack/Epic",25,104,48,"85319"
107,"spotify:track:4ZtFanR9U6ndgddUvNcjcG","Olivia Rodrigo","good 4 u","Olivia Rodrigo PS",1,123,788,"85022"
108,"spotify:track:22skzmqfdWrjJylampe0kt","Macklemore & Ryan Lewis, Macklemore, Ryan Lewis, Ray Dalton","Can't Hold Us (feat. Ray Dalton)","Macklemore",55,112,1362,"84299"
109,"spotify:track:3FyxwVvc9JqmVl5IVDPaNU","Burna Boy, Dave","Cheat On Me (feat. Dave)","Spaceship/ Bad Habit/Atlantic Records",26,95,22,"83769"
110,"spotify:track:5gDWsRxpJ2lZAffh5p7K0w","The Weeknd, Lana Del Rey","Stargirl Interlude","Universal Republic Records",80,114,354,"82855"
111,"spotify:track:5w9upngVRHNjdZcRC7Xxr2","Fred again.., Delilah Montagu","Delilah (pull me out of this)","Atlantic Records UK",43,108,135,"82834"
112,"spotify:track:3EaJDYHA0KnX88JvDhL9oa","Steve Lacy","Dark Red","Three Quarter",37,111,655,"82719"
113,"spotify:track:244AvzGQ4Ksa5637JQu5Gy","Florence + The Machine","You've Got The Love","Universal-Island Records Ltd.",40,113,580,"82394"
114,"spotify:track:07GvNcU1WdyZJq3XxP0kZa","Fleetwood Mac","Go Your Own Way - 2004 Remaster","Rhino/Warner Records",53,118,1098,"82350"
115,"spotify:track:3WMj8moIAXJhHsyLaqIIHI","Zach Bryan","Something in the Orange","Warner Records",108,115,74,"82190"
116,"spotify:track:6HU7h9RYOaPRFeh0R3UeAr","Olivia Rodrigo","deja vu","Olivia Rodrigo PS",2,142,493,"82180"
117,"spotify:track:1r16zpUZ2nH44uOXlBGrbm","Stormzy, RAYE","The Weekend","0207 Def Jam",21,116,56,"81446"
118,"spotify:track:5wANPM4fQCJwkGd4rN57mH","Olivia Rodrigo","drivers license","Olivia Rodrigo PS",1,153,666,"81364"
119,"spotify:track:40SBS57su9xLiE1WqkXOVr","LF SYSTEM","Afraid To Feel","Warner Records",1,119,473,"80670"
120,"spotify:track:3LtpKP5abr2qqjunvjlX5i","Central Cee","Doja","Central Cee",1,117,419,"80517"
121,"spotify:track:3USxtqRwSYz57Ewm6wWRMp","Glass Animals","Heat Waves","Polydor Records",2,122,1062,"80046"
122,"spotify:track:5qqabIl2vWzo9ApSC317sa","Oasis","Wonderwall - Remastered","Big Brother",44,124,2390,"79944"
123,"spotify:track:3GZD6HmiNUhxXYf8Gch723","Frank Ocean","Lost","Red Zone Entertainment / IDJ",8,121,605,"79904"
124,"spotify:track:67nepsnrcZkowTxMWigSbb","Travis Scott, Drake","MELTDOWN (feat. Drake)","Cactus Jack/Epic",5,110,48,"79892"
125,"spotify:track:0rVJ6v23RQozOIvr1YotJP","Bakar","Hell N Back","Black Butter",17,125,193,"79802"
126,"spotify:track:0cIkdVvxT2lalJFH254lYA","Turno, Skepsis, Charlotte Plank","Rave Out","EMI",67,133,51,"79488"
127,"spotify:track:7BHPGtpuuWWsvE7cCaMuEU","The Kooks","Naive","Virgin Records",44,120,2037,"79202"
128,"spotify:track:3E7dfMvvCLUddWissuqMwr","Miley Cyrus","Party In The U.S.A.","Hollywood Records",63,126,650,"78992"
129,"spotify:track:70LcF31zb1H0PyJoS1Sx1r","Radiohead","Creep","XL Recordings",114,129,73,"78325"
130,"spotify:track:7tqhbajSfrz2F7E1Z75ASX","Marvin Gaye, Tammi Terrell","Ain't No Mountain High Enough","UNI/MOTOWN",57,141,260,"78169"
131,"spotify:track:4TaS4giQQK01vKzBB40AEY","Strandz","Us Against the World","Relentless Records",22,131,154,"77967"
132,"spotify:track:2LBqCSwhJGcFQeTHMVGwy3","The Weeknd","Die For You","Universal Republic Records",23,130,415,"77721"
133,"spotify:track:0RiRZpuVRbi7oqRdSMwhQY","Post Malone, Swae Lee","Sunflower - Spider-Man: Into the Spider-Verse","Republic Records",3,128,1508,"77187"
134,"spotify:track:2fyIS6GXMgUcSv4oejx63f","Arctic Monkeys","Mardy Bum","Domino Recording Co",36,135,349,"77055"
135,"spotify:track:531KGXtBroSrOX9LVmiIgc","Dave","Starlight","Dave / Neighbourhood Recordings",1,134,559,"76790"
136,"spotify:track:0VjIjW4GlUZAMYd2vXMi3b","The Weeknd","Blinding Lights","Republic Records",1,139,1382,"76780"
137,"spotify:track:5e9TFTbltYBg2xThimr0rU","Fleetwood Mac","The Chain - 2004 Remaster","Rhino/Warner Records",61,136,1312,"76584"
138,"spotify:track:1FEiijYPJtyswChfcpv3p0","Lana Del Rey","Summertime Sadness","Polydor Records",61,132,298,"76514"
139,"spotify:track:59nOXPmaKlBfGMDeOVGrIK","Future, Drake, Tems","WAIT FOR U (feat. Drake & Tems)","Epic/Freebandz",5,137,502,"76126"
140,"spotify:track:5rF6YUIlgiat22OT1lWspJ","Sam Fender","Seventeen Going Under","Polydor Records",2,144,707,"75872"
141,"spotify:track:1zv3WFUbZ5vPxFq9I2jAU1","Rihanna, Calvin Harris","We Found Love","Def Jam Recordings",44,145,224,"75702"
142,"spotify:track:2L9N0zZnd37dwF0clgxMGI","Lizzy McAlpine","ceilings","Harbour Artists & Music",4,127,242,"75048"
143,"spotify:track:5CZ40GBx1sQ9agT82CLQCT","Olivia Rodrigo","traitor","Olivia Rodrigo PS",4,173,509,"74823"
144,"spotify:track:5lkpeJwmQKgY3bX2zChjxX","Adele","Someone Like You","XL Recordings",11,147,480,"74758"
145,"spotify:track:6fNhZRFEkBfgW39W3wKARJ","Bastille","Pompeii","Virgin Records",58,146,1187,"74365"
146,"spotify:track:2wGSgTmgSF3xjRrHkTc25R","The Game, 50 Cent","Hate It Or Love It","Geffen",40,138,404,"74319"
147,"spotify:track:2gam98EZKrF9XuOkU13ApN","Nelly Furtado, Timbaland","Promiscuous","Mosley / Geffen",35,152,459,"74059"
148,"spotify:track:5ZduaRci3iNUiDfJbBfAaf","Matt Sassari","Give It To Me - Full Vocal Mix","Cr2 Records",70,159,188,"73929"
149,"spotify:track:1Lo0QY9cvc8sUB2vnIOxDT","Luke Combs","Fast Car","River House Artists/Columbia Nashville",123,156,39,"73664"
150,"spotify:track:2AT8iROs4FQueDv2c8q2KE","Arctic Monkeys","R U Mine?","Domino Recording Co",46,149,406,"73585"
151,"spotify:track:4YQImHflXSiIMXntcwPkx8","Cardi B, Megan Thee Stallion","Bongos (feat. Megan Thee Stallion)","Atlantic Records",70,172,6,"73555"
152,"spotify:track:7lQ8MOhq6IN2w8EYcFNSUk","Eminem","Without Me","Aftermath",46,154,761,"72870"
153,"spotify:track:2VjOTvl50tscmc0RDjPdr2","Dave, Central Cee","UK Rap","Neighbourhood / Live Yours",3,151,101,"72591"
154,"spotify:track:0DuWDLjriRPjDRoPgaCslY","Adele","Love In The Dark","XL Recordings",10,-1,141,"71923"
155,"spotify:track:6dBUzqjtbnIa1TwYbyw5CM","TV Girl","Lovers Rock","TV Girl",74,148,156,"71902"
156,"spotify:track:5YbPxJwPfrj7uswNwoF1pJ","Burna Boy","Last Last","Spaceship/ Bad Habit/Atlantic Records",4,161,488,"71649"
157,"spotify:track:19kHhX6f6EfLU7rcO3RqjO","Jungle","Back On 74","Caiola Records",132,177,9,"71435"
158,"spotify:track:6me7F0aaZjwDo6RJ5MrfBD","Richy Mitch & The Coal Miners","Evergreen","Richy Mitch & The Coal Miners",142,143,23,"71334"
159,"spotify:track:4bzBPrGYD3fQfAadLgIiwT","Passenger","Let Her Go","Black Crow Records",52,155,737,"71221"
160,"spotify:track:1K3LRUEcUz5FMtPYyg0F45","The Lumineers","Ho Hey","Dualtone Music Group",133,158,146,"71196"
161,"spotify:track:5RobAV5ROH5KARimi7n3cO","venbee, goddard.","messy in heaven","Columbia",6,166,356,"71165"
162,"spotify:track:5kHMfzgLZP95O9NBy0ku4v","Taylor Swift","I Can See You (Taylor’s Version) (From The Vault)","Taylor Swift",4,164,68,"70975"
163,"spotify:track:6GGtHZgBycCgGBUhZo81xe","Lana Del Rey","Say Yes To Heaven","Polydor Records",4,150,104,"70554"
164,"spotify:track:42VsgItocQwOQC3XWZ8JNA","Travis Scott, Playboi Carti","FE!N (feat. Playboi Carti)","Cactus Jack/Epic",6,140,48,"70449"
165,"spotify:track:2HbKqm4o0w5wEeEFXm2sD4","Kendrick Lamar, Jay Rock","Money Trees","Aftermath",63,160,309,"70358"
166,"spotify:track:3hxIUxnT27p5WcmjGUXNwx","Hotel Ugly","Shut up My Moms Calling","Hotel Ugly, under exclusive license to Amuseio AB",64,165,106,"69913"
167,"spotify:track:6IAZHEBUIGJ6NJKxxOBIEr","Adele","Rolling in the Deep","XL Recordings",14,175,302,"69607"
168,"spotify:track:5UWwZ5lm5PKu6eKsHAGxOk","Foo Fighters","Everlong","RCA Records Label",15,157,336,"69530"
169,"spotify:track:3F5CgOj3wFlRv51JsHbxhe","Drake, 21 Savage","Jimmy Cooks (feat. 21 Savage)","OVO",4,167,329,"69448"
170,"spotify:track:5xoUgPXbMNUmoHU0Enwtwq","The Kooks","She Moves In Her Own Way","Virgin Records",59,180,1396,"69052"
171,"spotify:track:3DQVgcqaP3iSMbaKsd57l5","Arctic Monkeys","I Bet You Look Good On The Dancefloor","Domino Recording Co",54,171,385,"69025"
172,"spotify:track:3Fzlg5r1IjhLk2qRw667od","Toploader","Dancing in the Moonlight","Sony Soho Square",37,162,1555,"68995"
173,"spotify:track:0JmnkIqdlnUzPaf8sqBRs3","Kali Uchis","Moonlight","Geffen Records",126,179,108,"68896"
174,"spotify:track:5fEB6ZmVkg63GZg9qO86jh","PARTYNEXTDOOR","Break from Toronto","OVO Sound",168,168,15,"68708"
175,"spotify:track:4bHsxqR3GMrXTxEPLuK5ue","Journey","Don't Stop Believin' (2022 Remaster)","Columbia/Legacy",48,170,1358,"68570"
176,"spotify:track:2tpWsVSb9UEmDRxAl1zhX1","OneRepublic","Counting Stars","Mosley / Interscope",72,169,753,"68539"
177,"spotify:track:25FTMokYEbEWHEdss5JLZS","Wheatus","Teenage Dirtbag","Columbia",87,163,86,"68338"
178,"spotify:track:35PKfoynRpVFoAUE3D5Kc6","Hozier","Work Song","Universal-Island Records Ltd.",175,176,3,"67820"
179,"spotify:track:789CxjEOtO76BVD1A9yJQH","Rihanna, Mikky Ekko","Stay","Def Jam Recordings",45,178,168,"67689"
180,"spotify:track:4kbj5MwxO1bq9wjT5g9HaA","WALK THE MOON","Shut Up and Dance","RCA Records Label",68,197,776,"67641"
181,"spotify:track:3GBApU0NuzH4hKZq4NOSdA","Two Door Cinema Club","What You Know","Kitsune",52,185,652,"67565"
182,"spotify:track:2bRKxuH1o7pTmb1y4GfdEc","White Noise Baby Sleep, White Noise for Babies","Clean White Noise - Loopable with no fade","Other",85,182,173,"67510"
183,"spotify:track:6dgUya35uo964z7GZXM07g","Sabrina Carpenter","Nonsense","Island Records",16,-1,63,"67335"
184,"spotify:track:43iIQbw5hx986dUEZbr3eN","Laufey","From The Start","Laufey",181,191,5,"67263"
185,"spotify:track:3sNVsP50132BTNlImLx70i","Kanye West","Bound 2","Rock The World/IDJ/Kanye/LP6",24,192,508,"67194"
186,"spotify:track:46IZ0fSY2mpAiktS3KOqds","Adele","Easy On Me","Columbia",1,194,657,"67168"
187,"spotify:track:4k6Uh1HXdhtusDW5y8Gbvy","Steve Lacy","Bad Habit","L-M Records/RCA Records",4,184,401,"66939"
188,"spotify:track:4tqcoej1zPvwePZCzuAjJd","J. Cole","Wet Dreamz","Roc Nation Records LLC",120,183,216,"66908"
189,"spotify:track:0UvCh63URrLFcPkKt99hHd","Oasis","Don't Look Back in Anger - Remastered","Big Brother",18,181,1977,"66734"
190,"spotify:track:0NdTUS4UiNYCNn5FgVqKQY","Arctic Monkeys","Snap Out Of It","Domino Recording Co",50,-1,159,"66517"
191,"spotify:track:5qaEfEh1AtSdrdrByCP7qR","Imagine Dragons","Demons","Kid Ina Korner / Interscope",96,-1,54,"66495"
192,"spotify:track:561jH07mF1jHuk7KlaeF0s","Eminem","Mockingbird","Aftermath",29,186,334,"66448"
193,"spotify:track:0cqRj7pUJDkTCEsJkx8snD","Taylor Swift","Shake It Off","Big Machine Records, LLC",45,-1,256,"66270"
194,"spotify:track:0TTOsyDKykWhCh3qDd9wMY","Byron Messia","Talibans","Simple Stupid Records/Geffen Records",33,-1,107,"66222"
195,"spotify:track:1v7L65Lzy0j0vdpRjJewt1","Eminem","Lose Yourself","Aftermath",53,187,1016,"66049"
196,"spotify:track:1jDJFeK9x3OZboIAHsY9k2","Elton John","I'm Still Standing","EMI",37,188,593,"66010"
197,"spotify:track:6K4t31amVTZDgR3sKmwUJJ","Tame Impala","The Less I Know The Better","Universal Music Australia Pty. Ltd.",96,-1,559,"65958"
198,"spotify:track:4KW1lqgSr8TKrvBII0Brf8","Kanye West","Father Stretch My Hands Pt. 1","Rock The World/IDJ/Kanye LP7",178,-1,4,"65930"
199,"spotify:track:7yNf9YjeO5JXUE3JEBgnYc","Dominic Fike","Babydoll","Columbia",193,193,3,"65785"
200,"spotify:track:0cGG2EouYCEEC3xfa0tDFV","Soft Cell","Tainted Love","EMI",87,195,49,"65754"
